 219 
  40 
 149 
 229 
  23 
 165 
  89 
  28 
  64 
  33 
  65 
  71 
  81 
  26 
  85 
  67 
 178 
 159 
  76 
 192 
 167 
 213 
  93 
  20 
 181 
  13 
  46 
  43 
  97 
 230 
 138 
 183 
  21 
 245 
  56 
  31 
  17 
 110 
 135 
 141 
 147 
  63 
  79 
 152 
 248 
  47 
  50 
   0 
  57 
 222 
 119 
  49 
 186 
 201 
  62 
   3 
  84 
  73 
 180 
 195 
  87 
   4 
  35 
  19 
 108 
 244 
 157 
 131 
 189 
 139 
 125 
  68 
  78 
  24 
  30 
 196 
 102 
 116 
  90 
 101 
  88 
  59 
 174 
 233 
  95 
 209 
 129 
   9 
 142 
  94 
 120 
  48 
 237 
  38 
  86 
 148 
 145 
 144 
  74 
 224 
  96 
 111 
  45 
 191 
 247 
 136 
  52 
  22 
  39 
 154 
 113 
 198 
 153 
 210 
  69 
  34 
 158 
 151 
 170 
 163 
 122 
 185 
 228 
  14 
 107 
 132 
 124 
 117 
  29 
  41 
 105 
 220 
 234 
  42 
  91 
 207 
   2 
  18 
 140 
 215 
  32 
 109 
 164 
 177 
  51 
 143 
  75 
 188 
 182 
  44 
 160 
 239 
  80 
  53 
 100 
   1 
  10 
 156 
 214 
 246 
 223 
   5 
 187 
 211 
   6 
  54 
 227 
  16 
 240 
  98 
 221 
 128 
 123 
   7 
 175 
 204 
 194 
  37 
 199 
  55 
 238 
 249 
 197 
 184 
  15 
 218 
  72 
 168 
 202 
 133 
  82 
 166 
 176 
  25 
 231 
 121 
 114 
 162 
 190 
 146 
  99 
   8 
 173 
 103 
 169 
 155 
  70 
 225 
 226 
  11 
  36 
 134 
 241 
 217 
 212 
 200 
 243 
 118 
  92 
  61 
 208 
 235 
  77 
 242 
 127 
 104 
 130 
 150 
  83 
  58 
 126 
 236 
 206 
 205 
  66 
 115 
 106 
 193 
  12 
 161 
 172 
 171 
 179 
  60 
 232 
 112 
 137 
 203 
  27 
 216 
